# oST version 5.0 parameters


[image]

width
320

height
240

[narrow_stereo]

camera matrix
252.273359 0.000000 162.100284
0.000000 252.640849 120.283980
0.000000 0.000000 1.000000

distortion
0.193170 -0.346868 -0.002676 -0.002258 0.000000

rectification
1.000000 0.000000 0.000000
0.000000 1.000000 0.000000
0.000000 0.000000 1.000000

projection
257.284271 0.000000 161.023176 0.000000
0.000000 258.602753 119.281207 0.000000
0.000000 0.000000 1.000000 0.000000
