image_width: 320
image_height: 240
camera_name: narrow_stereo
camera_matrix:
  rows: 3
  cols: 3
  data: [252.27336,   0.     , 162.10028,
           0.     , 252.64085, 120.28398,
           0.     ,   0.     ,   1.     ]
distortion_model: plumb_bob
distortion_coefficients:
  rows: 1
  cols: 5
  data: [0.193170, -0.346868, -0.002676, -0.002258, 0.000000]
rectification_matrix:
  rows: 3
  cols: 3
  data: [1., 0., 0.,
         0., 1., 0.,
         0., 0., 1.]
projection_matrix:
  rows: 3
  cols: 4
  data: [257.28427,   0.     , 161.02318,   0.     ,
           0.     , 258.60275, 119.28121,   0.     ,
           0.     ,   0.     ,   1.     ,   0.     ]
